000915
001203
000608
000970
000174
000114
001119
000783
001204
000282
001060
000223
000577
000962
000342
001266
001150
000522
000409
000240
000732
000654
001374
000299
001166
000995
000637
000640
001470
001082
000528
001302
000192
001081
001306
001159
001516
000787
000285
000520
001135
000012
001479
000003
001177
000458
000309
000230
000758
001463
000898
000410
000815
000492
000838
000933
001496
001200
000837
000400
000780
000730
001114
000263
000388
000931
001175
000662
001290
001277
000562
000993
000418
000766
000438
000071
000620
000752
000301
000107
000742
000097
001319
001109
000072
001147
001084
000651
001322
000532
000716
000647
000187
001465
001273
001098
000897
001505
001313
000722
000550
000985
001070
000555
001246
000260
000087
000078
000740
000326
000135
001443
001144
001047
000389
000423
000148
000584
001446
000545
001327
000300
000453
000293
000781
001274
000558
000546
000371
001294
000542
001152
000481
000697
000804
000306
000331
001077
000711
000457
000875
000705
000196
001317
000937
000657
001451
001003
000840
000564
001017
000887
000067
000844
001035
000058
001127
000961
000782
000667
000978
000289
000707
000105
001275
000926
000024
000129
000784
001138
001062
000731
000709
000540
000070
000303
000363
000051
000613
000518
000213
000968
000236
000392
000934
001368
000294
001089
001039
000243
001293
001055
000948
001012
000480
001171
000500
000470
000161
000817
001431
000357
000439
001096
000140
000965
000027
000137
000422
000790
000268
000873
000090
000969
000221
000633
001280
001016
000008
000393
000489
001206
000992
000943
000164
000385
001261
000882
000407
000768
000033
000245
000104
000160
000776
001118
001279
000109
000975
000403
000193
001202
000991
001224
000644
000760
000665
000554
000609
000190
000524
000597
001141
000576
001174
000186
000999
001080
000359
000624
000297
001308
000023
000507
001418
000014
001025
000338
000622
001083
000836
000724
000743
000397
000488
000280
000976
000295
000016
000156
001442
001130
001104
000599
000477
001311
001208
000167
000549
000329
000721
001234
000244
001517
001125
000727
000814
000593
000128
001028
000754
001307
000005
000908
001179
000002
000957
000116
000927
000779
000543
000242
000800
000089
000006
000893
000459
001523
000054
001474
001494
000759
000513
000514
000483
000846
000578
000451
000987
000623
001229
000039
000235
001255
001002
000472
001006
000461
000843
000821
001366
001407
000602
001486
001413
000601
000848
000424
001161
001262
000694
000681
001299
000077
000197
001353
000868
000677
000655
000345
001288
001425
000246
000686
000334
001231
000177
000446
000617
000688
000133
000847
000566
000350
000924
000778
001137
001492
000429
000669
000082
001190
001269
000703
001184
001298
000906
001215
000057
000930
000178
000340
001100
000467
001356
001116
000401
000086
000430
001285
001332
000447
000698
000139
000304
001225
000712
001106
000808
000739
001086
000460
000321
001241
000233
001217
000307
001170
001468
000996
001491
000660
001011
000950
001211
000302
000909
001315
000990
000902
000278
001362
000504
000533
000809
000018
000138
000801
000442
000833
000026
001449
000835
000820
001010
000205
001399
000171
001376
000081
001248
000892
001235
000360
001196
001345
001384
000353
000794
000659
000441
000468
001334
001333
000344
001172
000988
001243
001455
001454
000349
000150
000998
000122
001142
000573
000320
000232
000098
000631
000262
000386
000757
000967
000415
001416
000383
000661
001037
000291
001347
000635
000395
001430
001260
000443
000557
000134
000319
000964
000404
000672
001336
001434
001325
001205
000714
000377
000433
001326
001487
000127
001367
000575
000252
001222
000141
001162
001314
000674
001155
000330
000354
000257
000668
000144
000153
000650
000060
001303
001193
000176
000010
001507
000956
000387
001268
000384
001267
000250
001240
001023
001453
000219
000508
000764
001385
001122
001173
000852
001338
001432
001095
001072
000095
000042
001032
000382
000158
000701
000201
001328
000984
001398
000224
000761
000663
001292
000143
001381
000916
000671
000132
000099
000913
000642
000145
001209
001476
001057
001232
000487
000560
000818
000096
001509
001391
001484
001330
001244
000226
001185
000007
000189
000449
000366
000516
001020
000932
000311
001485
000075
001346
000124
001182
000486
000673
000228
000805
001300
001256
000308
000610
000064
000574
000315
001046
001289
000259
000369
001019
000092
000065
001450
000372
000151
000043
000510
000503
000515
000912
000374
000445
000055
000414
000106
000163
000925
001210
001270
001471
001107
001390
000305
000456
000556
000590
000125
000004
000960
000237
000735
001009
000611
001145
001249
001074
000713
001394
001499
000279
000944
000406
000485
000313
001014
001329
000408
000432
000878
000112
000175
001042
001027
001073
000427
000068
001402
000094
001178
000298
000585
001091
000346
001304
001420
000394
000215
000581
000859
000877
000903
000958
000312
000038
001061
000364
000765
000553
001154
001351
000511
001258
000493
001281
000009
001386
000841
000982
000591
001139
001361
001318
000045
000983
001520
000628
001169
001219
000085
000981
000155
000284
000421
000399
000165
000869
000281
001067
000275
000618
000180
000914
000286
000683
001090
001504
000891
000849
000819
000929
000323
001221
001088
000182
000021
001163
000940
001433
001508
000211
000728
000119
000947
000565
000973
000469
001364
000867
000471
000879
000777
000076
000110
000920
000343
001007
000530
001018
001265
000102
001360
000559
001213
001320
000583
000851
000813
000506
000910
000238
001131
001348
000627
000529
000871
000416
001048
000864
000941
001401
001472
001335
001149
000750
000499
001242
000273
000972
000466
000886
000464
001458
000612
000571
000166
000966
001071
000183
000917
000091
000290
001263
000649
001218
000420
000812
000172
000517
001316
001439
000774
000241
001252
001480
000249
000951
001404
000327
000084
000641
000123
001337
000700
000184
000580
000362
000605
001276
000069
000036
000826
000111
000839
001044
000118
000029
001457
000490
000358
000266
001195
000216
000512
000391
000535
001503
000762
000857
001186
000044
000798
000769
000473
000347
000050
000785
000049
001181
000531
000269
000997
001511
000823
001515
000696
001000
001189
000799
001459
000726
000475
000209
000963
000440
000708
000254
001040
000502
000788
000775
000606
001148
001197
000737
000569
001512
000157
000274
000152
000013
000220
000428
000310
000411
001064
000258
000615
001395
000888
001419
000314
000639
000816
000011
001312
000173
000214
000723
000911
000037
000426
000741
001254
001437
000527
001022
000267
000834
000210
001024
001282
000770
001165
001153
001428
000337
000283
000854
001128
000365
000444
000465
000795
000276
000356
000046
000563
000693
001426
000202
000989
000747
000000
000676
000496
001043
000895
000181
000100
000885
001250
001297
001102
000435
001180
000208
001058
001230
001227
001158
000376
000062
000396
000658
000614
000589
000287
001445
000227
000030
000900
000222
001521
001357
001192
000074
000207
000194
000876
000519
000907
001199
000256
001305
000921
001388
000791
000168
000979
000689
000829
000547
000600
000501
000025
000352
000729
000954
001247
001065
001233
000218
000328
000413
001283
000378
001409
000373
000880
000212
000381
000536
001272
000361
000587
000450
001115
000204
000052
000619
000367
000974
001146
001052
000255
000108
001198
000339
000786
000923
000856
000247
001183
001078
001054
001438
000333
001506
000126
000630
000073
001375
000264
000080
000332
000028
000199
000534
000154
000803
001036
000317
001033
000704
000748
000745
000017
000041
000822
001045
000789
000146
000142
000270
000986
000946
001483
000634
001236
001352
000248
000265
000412
000093
000959
001490
000845
001387
000322
001461
001239
000521
000928
001405
000398
000894
000482
000738
000682
001467
001110
000019
000825
001066
000523
001143
000217
000596
000505
000355
001031
000792
001129
001113
000417
000552
000272
001382
000646
001519
000474
001271
000939
001501
000971
000229
000831
000570
001383
000586
001372
000179
001343
000292
000680
000767
001005
000616
000802
001341
000706
001124
001400
001136
000159
000889
001015
000251
000896
000858
000702
000796
001103
000980
000170
000842
000692
000495
000198
000806
001460
000296
000755
001324
000679
000131
000865
000318
000431
000629
001502
000551
000652
001097
000691
000454
001075
001469
000048
000763
000653
000448
000188
001284
000632
001226
000351
001223
000452
000059
001168
000749
000526
001323
001030
001370
000548
000200
001123
001363
000690
000191
000684
001310
000936
000497
001157
001301
001187
000405
000598
000434
000380
000206
001489
000827
000261
000462
000147
000832
001500
001414
001359
000231
001117
000874
000335
000088
000572
000136
000648
000130
000638
000113
000047
000719
000162
000953
001296
001112
000872
000020
001410
000695
001514
000855
000478
001133
000103
000436
000476
000955
000437
001441
000918
000687
001349
000015
000938
001448
000544
000022
000484
000253
000185
000491
000169
000239
001424
001497
000607
000656
000541
000479
000425
000828
001417
000079
000498
000277
000115
000370
000866
000375
001253
001452
001444
000645
000588
001069
000149
001085
000670
001488
000419
000717
000117
000863
001134
001013
000288
000720
000203
000061
001358
000807
001522
000040
000568
000733
000066
001380
001021
001079
001513
000710
000463
001188
000901
000538
000053
000922
000945
000324
000001
000850
000666
001101
001436
001220
000101
000341
000083
000032
001392
001108
000883
000942
001379
000234
000744
000195
000031
000824
000771
000316
000797
000537
001056
000379
000348
000494
000225
001493
001473
000325
001140
000994
001238
001373
000861
000034
001422
000121
000811
000675
001207
001029
001237
000390
000271
000561
000120
000905
000699
000455
000056
